1510710300 1510714799
1510793100 1510793999
1510796700 1510797599
1510800300 1510801199
1510803900 1510804799
1510881300 1510882199
1510884900 1510885799
1510888500 1510889399
1511141400 1511143199
1511145000 1511145899
1511314200 1511315099
1511318700 1511319599
1511403300 1511405099
1511576100 1511577899
1511580600 1511581499
1511658000 1511658899
1511665200 1511666099
1511747100 1511748899
1511751600 1511752499
1511830800 1511831699
1511834400 1511836199
1511838900 1511839799
1511919900 1511921699
1511924400 1511925299
1512007200 1512010799
1512012600 1512015299
1512093600 1512096299
1512098100 1512098999
1512180900 1512183599
1512185400 1512186299
1512267300 1512268199
1512270900 1512271799
1512344700 1512346499
1512348300 1512350099
1512351900 1512357299
1512433800 1512434699
1512438300 1512441899
1512516600 1512517499
1512520200 1512535499
1512607500 1512614699
1512693000 1512693899
1512695700 1512696599
1512699300 1512701099
1512702900 1512705599
1512785700 1512789299
1512792000 1512792899
1512857700 1512858599
1512861300 1512862199
1512864900 1512867599
1512869400 1512877499
1512930600 1512931499
1512936000 1512936899
1512939600 1512940499
1512943200 1512944099
1512946800 1512953999
1512955800 1512964799
1513038600 1513040399
1513041300 1513047599
1513048500 1513052099
1513125900 1513127699
1513129500 1513132199
1513134000 1513139399
1513215000 1513216799
1513218600 1513221299
1513298700 1513312199
1513386900 1513387799
1513389600 1513390499
1513393200 1513394999
1513476900 1513477799
1513537200 1513538999
1513544400 1513545299
1513552500 1513553399
1513559700 1513562399
1513563300 1513570499
1513642500 1513643399
1513646100 1513650599
1513652400 1513654199
1513733400 1513736099
1513737000 1513739699
1513818000 1513818899
1513821600 1513824299
1513904400 1513905299
1513908000 1513909799
1513991700 1513992599
1513995300 1513997099
1514235600 1514236499
1514242800 1514245499
1514247300 1514249099
1514250000 1514264399
1514328300 1514329199
1514332800 1514334599
1514335500 1514348999
1514416500 1514417399
1514420100 1514421899
1514423700 1514433599
1514509200 1514519099
1514595600 1514598299
1514600100 1514601899
1514602800 1514605499
1514681100 1514682899
1514683800 1514692799
1514753100 1514753999
1514758500 1514760299
