1489956300 1489959899
1489960800 1489963499
1489966200 1489968899
1489969800 1489970699
1489975200 1489976999
1490049000 1490051699
1490055300 1490056199
1490058900 1490059799
1490136300 1490137199
1490220000 1490223599
1490224500 1490227199
1490228100 1490228999
1490229900 1490230799
1490234400 1490235299
1490311800 1490312699
1490332500 1490334299
1490400000 1490406299
1490408100 1490409899
1490489100 1490489999
1490491800 1490494499
1490562900 1490567399
1490568300 1490589899
1490657400 1490658299
1490661000 1490663699
1490665500 1490666399
1490739300 1490741099
1490742900 1490743799
1490744700 1490747399
1490748300 1490750999
1490752800 1490753699
1490829300 1490831099
1490832900 1490833799
1490834700 1490835599
1490837400 1490838299
1490914800 1490923799
1490924700 1490930099
1490991300 1490993099
1490994000 1490995799
1490998500 1491003899
1491004800 1491020999
1491090300 1491092999
1491095700 1491096599
1491097500 1491101099
1491174900 1491175799
1491176700 1491177599
1491178500 1491179399
1491182100 1491182999
1491259500 1491260399
1491261300 1491263099
1491265800 1491266699
1491268500 1491269399
1491346800 1491347699
1491348600 1491350399
1491351300 1491353099
1491354000 1491354899
1491434100 1491435899
1491436800 1491437699
1491439500 1491441299
1491444000 1491445799
1491510600 1491511499
1491513300 1491531299
1491607800 1491609599
1491612300 1491613199
1491618600 1491619499
1491699600 1491701399
1491702300 1491704999
1491782400 1491784199
1491786000 1491787799
1491869700 1491870599
1491872400 1491875099
1491880500 1491882299
1491956100 1491956999
1491959700 1491960599
1491961500 1491964199
1492042500 1492043399
1492045200 1492058699
1492128900 1492131599
1492133400 1492134299
1492136100 1492136999
1492220700 1492223399
1492303500 1492304399
1492307100 1492309799
1492389000 1492389899
1492390800 1492392599
1492393500 1492395299
1492471800 1492472699
1492474500 1492491599
1492558200 1492559099
1492560000 1492561799
1492562700 1492565399
1492568100 1492568999
1492638300 1492646399
1492648200 1492649099
1492731000 1492731899
1492733700 1492736399
1492737300 1492738199
1492739100 1492740899
1492817400 1492820999
1492822800 1492825499
1492827300 1492828199
1492893900 1492894799
1492896600 1492899299
1492900200 1492902899
1492904700 1492906499
1492907400 1492908299
1492909200 1492910099
1492911000 1492911899
1492912800 1492914599
1492915500 1492917299
1492987500 1492988399
1492989300 1492991099
1492992000 1492993799
1492994700 1492997399
1493069400 1493072999
1493074800 1493088299
1493089200 1493090099
1493151300 1493152199
1493153100 1493155799
1493158500 1493159399
1493163000 1493180999
1493514000 1493514899
1493516700 1493519399
1493520300 1493521199
1493592300 1493593199
1493596800 1493597699
1493598600 1493599499
1493601300 1493602199
1493603100 1493603999
1493604900 1493605799
1493679600 1493682299
1493684100 1493684999
1493685900 1493686799
1493689500 1493690399
1493766000 1493769599
1493770500 1493771399
1493774100 1493774999
1493855100 1493857799
1493864100 1493864999
1493937000 1493941499
1493943300 1493946899
1493948700 1493949599
1494014400 1494015299
1494017100 1494029699
1494031500 1494035999
1494036900 1494037799
1494038700 1494040499
1494114300 1494116099
1494117000 1494117899
1494118800 1494121499
1494123300 1494124199
1494189900 1494193499
1494194400 1494199799
1494200700 1494203399
1494205200 1494206099
1494207000 1494207899
1494282600 1494284399
1494286200 1494287999
1494288900 1494289799
1494292500 1494293399
1494369900 1494370799
1494371700 1494375299
1494377100 1494379799
1494380700 1494381599
1494449100 1494450899
1494453600 1494454499
1494458100 1494460799
1494462600 1494464399
1494465300 1494466199
1494467100 1494468899
1494541800 1494546299
1494548100 1494548999
1494630900 1494635399
1494636300 1494638099
1494639900 1494641699
1494642600 1494643499
1494705600 1494710099
1494712800 1494714599
1494715500 1494719999
1494720900 1494725399
1494728100 1494729899
1494803700 1494805499
1494807300 1494809099
1494810000 1494811799
1494812700 1494813599
1494814500 1494816299
1494890100 1494891899
1494893700 1494898199
1494975600 1494979199
1494980100 1494981899
1494982800 1494984599
1494985500 1494986399
1495062900 1495064699
1495065600 1495068299
1495069200 1495072799
1495073700 1495074599
1495149300 1495151099
1495153800 1495157399
1495158300 1495159199
1495160100 1495160999
1495240200 1495241999
1495244700 1495248299
1495327500 1495330199
1495332000 1495333799
1495405800 1495407599
1495408500 1495409399
1495412100 1495415699
1495483200 1495484099
1495485900 1495491299
1495493100 1495497599
1495499400 1495502999
1495571400 1495574099
1495575000 1495575899
1495576800 1495578599
1495580400 1495581299
1495582200 1495585799
1495586700 1495590299
1495591200 1495592999
1495659600 1495662299
1495665900 1495667699
1495668600 1495669499
1495671300 1495673999
1495674900 1495675799
1495678500 1495679399
1495742400 1495744199
1495746000 1495749599
1495750500 1495751399
1495752300 1495754099
1495755000 1495756799
1495757700 1495758599
1495759500 1495760399
1495761300 1495762199
1495763100 1495763999
1495844100 1495844999
1495845900 1495846799
1495847700 1495849499
1495850400 1495851299
1495933200 1495934999
1495935900 1495936799
1495937700 1495938599
1496016900 1496017799
1496019600 1496024099
1496026800 1496027699
1496070000 1496075399
1496077200 1496079899
1496084400 1496086199
1496088000 1496095199
1496096100 1496097899
1496098800 1496101499
1496105100 1496105999
1496106900 1496107799
1496110500 1496111399
1496175300 1496177099
1496178000 1496179799
1496180700 1496186999
1496188800 1496190599
1496192400 1496193299
1496195100 1496205899
1496268000 1496270699
1496274300 1496275199
1496276100 1496277899
1496278800 1496280599
1496281500 1496282399
1496359800 1496361599
1496362500 1496366999
1496368800 1496369699
1496450700 1496452499
1496453400 1496456999
1496538900 1496539799
1496541600 1496544299
1496609100 1496609999
1496610900 1496613599
1496614500 1496616299
1496618100 1496619899
1496620800 1496622599
1496628000 1496628899
1496692800 1496694599
1496697300 1496698199
1496699100 1496702699
1496703600 1496707199
1496708100 1496708999
1496711700 1496712599
1496713500 1496716199
1496779200 1496780099
1496781900 1496790899
1496794500 1496795399
1496796300 1496797199
1496800800 1496801699
1496813400 1496814299
1496867400 1496868299
1496877300 1496878199
1496880000 1496880899
1496882700 1496883599
1496884500 1496887199
1496955600 1496957399
1496963700 1496967299
1496970000 1496971799
1496974500 1496976299
1497056400 1497059099
1497060900 1497061799
1497144600 1497145499
1497146400 1497149999
1497223800 1497224699
1497226500 1497229199
1497230100 1497230999
1497231900 1497234599
1497307500 1497309299
1497312900 1497314699
1497316500 1497319199
1497392100 1497393899
1497394800 1497402899
1497403800 1497404699
1497405600 1497406499
1497474900 1497475799
1497480300 1497485699
1497486600 1497488399
1497490200 1497493799
1497557700 1497563099
1497565800 1497570299
1497572100 1497572999
1497573900 1497575699
1497576600 1497580199
1497581100 1497582899
1497644100 1497649499
1497655800 1497657599
1497658500 1497667499
1497668400 1497669299
1497747600 1497748499
1497752100 1497756599
1497829500 1497831299
1497833100 1497835799
1497836700 1497841199
1497902400 1497923099
1497999600 1498002299
1498003200 1498012199
1498013100 1498014899
1498077000 1498094999
1498095900 1498101299
1498103100 1498103999
1498174200 1498175999
1498176900 1498177799
1498178700 1498181399
1498182300 1498187699
1498262400 1498264199
1498265100 1498267799
1498268700 1498271399
1498272300 1498275899
1498354200 1498355099
1498357800 1498360499
1498434300 1498436999
1498437900 1498440599
1498441500 1498445999
1498446900 1498447799
1498518000 1498520699
1498521600 1498524299
1498525200 1498526099
1498527000 1498528799
1498529700 1498531499
1498533300 1498535099
1498598100 1498606199
1498607100 1498609799
1498610700 1498613399
1498614300 1498620599
1498694400 1498696199
1498697100 1498704299
1498705200 1498706999
1498779900 1498784399
1498785300 1498786199
1498788900 1498793399
1498870800 1498873499
1498874400 1498878899
1498960800 1498964399
1499046300 1499048099
1499049900 1499050799
1499132700 1499135399
1499298300 1499300999
1499302800 1499308199
1499383800 1499389199
1499390100 1499397299
1499473800 1499478299
1499479200 1499480999
1499481900 1499482799
1499483700 1499484599
1499564700 1499570099
1499647500 1499651999
1499652900 1499654699
1499730300 1499737499
1499739300 1499741999
1499742900 1499749199
1499815800 1499822099
1499824800 1499828399
1499899500 1499900399
1499904000 1499905799
1499908500 1499909399
1499912100 1499914799
1499994000 1499994899
1500077700 1500078599
1500079500 1500087599
1500169500 1500173999
1500251400 1500254999
1500257700 1500258599
1500259500 1500260399
1500334200 1500335099
1500336900 1500346799
1500420600 1500424199
1500426000 1500431399
1500509700 1500519599
1500594300 1500596999
1500598800 1500605999
1500772500 1500777899
1500853500 1500857999
1500858900 1500863399
1500864300 1500865199
1500937200 1500939899
1500941700 1500942599
1500944400 1500946199
1500947100 1500951599
1501026300 1501027199
1501028100 1501029899
1501030800 1501031699
1501033500 1501036199
1501114500 1501122599
1501199100 1501199999
1501201800 1501203599
1501204500 1501205399
1501206300 1501208999
1501209900 1501210799
1501285500 1501291799
1501294500 1501296299
1501378200 1501379099
1501380900 1501384499
1501461900 1501464599
1501466400 1501469099
1501549200 1501550999
1501551900 1501554599
1501632900 1501637399
1501638300 1501640999
1501714800 1501724699
1501725600 1501727399
1501805700 1501808399
1501810200 1501813799
1501895700 1501896599
1501898400 1501901099
1501984800 1501987499
1502065800 1502066699
1502068500 1502072099
1502137800 1502153099
1502155800 1502156699
1502158500 1502159399
1502163000 1502164799
1502236800 1502242199
1502243100 1502244899
1502247600 1502249399
1502325000 1502325899
1502330400 1502331299
1502412300 1502415899
1502416800 1502417699
1502500500 1502502299
1502504100 1502505899
1502588700 1502592299
1502673300 1502677799
1502754300 1502757899
1502758800 1502764199
1502841600 1502849699
1502851500 1502852399
1502930700 1502938799
1503017100 1503018899
1503020700 1503021599
1503022500 1503024299
1503104400 1503106199
1503107100 1503110699
1503276300 1503277199
1503278100 1503280799
1503361800 1503363599
1503364500 1503370799
1503448200 1503449999
1503450900 1503455399
1503534600 1503536399
1503538200 1503543599
1503620100 1503620999
1503622800 1503625499
1503626400 1503629099
1503636300 1503637199
1503710100 1503710999
1503711900 1503714599
1503879300 1503881999
1503883800 1503885599
1503965700 1503968399
1503969300 1503971999
1504043100 1504043999
1504045800 1504049399
1504051200 1504060199
1504140300 1504146599
1504226700 1504232999
1504572300 1504573199
1504574100 1504574999
1504654200 1504657799
1504659600 1504662299
1504737000 1504745999
1504746900 1504749599
1504828800 1504834199
1504835100 1504835999
1504918800 1504920599
1504921500 1504924199
1505087100 1505089799
1505090700 1505095199
1505174400 1505176199
1505177100 1505181599
1505260800 1505262599
1505266200 1505267099
1505349000 1505350799
1505351700 1505353499
1505435400 1505438099
1505525400 1505527199
1505691900 1505695499
1505697300 1505698199
1505780100 1505781899
1505783700 1505784599
1505865600 1505867399
1505869200 1505870999
1505871900 1505872799
1505952900 1505954699
1505955600 1505957399
1506038400 1506041099
1506042900 1506044699
1506045600 1506046499
1506129300 1506131999
1506297600 1506302099
1506383100 1506383999
1506385800 1506386699
1506388500 1506390299
1506470400 1506472199
1506474000 1506477599
1506559500 1506562199
1506645000 1506648599
1506903300 1506905999
1506989700 1506992399
1507074300 1507079699
1507080600 1507081499
1507508100 1507508999
1507509900 1507512599
1507591800 1507593599
1507594500 1507595399
1507596300 1507597199
1507598100 1507598999
1507680900 1507683599
1507684500 1507685399
1507764600 1507765499
1507767300 1507768199
1507770000 1507771799
1507853700 1507854599
1507855500 1507856399
1507857300 1507858199
1508112900 1508117399
1508200200 1508201999
1508286600 1508289299
1508373000 1508376599
1508456700 1508462999
1508463900 1508464799
1508715000 1508718599
1508721300 1508723099
1508802300 1508804999
1508806800 1508807699
1508818500 1508821199
1508889600 1508890499
1508892300 1508894999
1508895900 1508896799
1508975100 1508978699
1508980500 1508981399
1509061500 1509064199
1509066000 1509067799
1509311700 1509312599
1509316200 1509323399
1509325200 1509328799
1509406200 1509409799
1509410700 1509414299
1509580800 1509586199
1509596100 1509596999
1509597900 1509600599
1509667200 1509669899
1509671700 1509672599
1509759000 1509760799
1509927300 1509929099
1509930900 1509931799
1510009200 1510012799
1510013700 1510014599
1510015500 1510016399
1510017300 1510019099
1510020000 1510020899
1510096500 1510097399
1510098300 1510099199
1510103700 1510104599
1510105500 1510107299
1510185600 1510189199
1510190100 1510191899
1510193700 1510194599
1510270200 1510274699
1510276500 1510277399
1510278300 1510280999
1510532100 1510534799
1510535700 1510536599
1510537500 1510538399
1510617600 1510622999
1510623900 1510626599
1510703100 1510703999
1510704900 1510712999
1510789500 1510793999
1510794900 1510796699
1510798500 1510799399
1510875000 1510875899
1510876800 1510878599
1510880400 1510882199
1510884000 1510885799
1510968600 1510973999
1511056800 1511059499
1511136000 1511143199
1511144100 1511144999
1511218800 1511224199
1511226000 1511227799
1511228700 1511232299
1511304300 1511305199
1511306100 1511316899
1511396100 1511405099
1511574300 1511578799
1511656200 1511660699
1511661600 1511667899
1511739000 1511746199
1511747100 1511747999
1511748900 1511751599
1511826300 1511828999
1511829900 1511832599
1511835300 1511837099
1511909100 1511915399
1511916300 1511918999
1511919900 1511922599
1511992800 1511995499
1511997300 1512008999
1512085500 1512091799
1512092700 1512096299
1512162900 1512164699
1512166500 1512170999
1512171900 1512186299
1512248400 1512272699
1512332100 1512340199
1512342000 1512356399
1512423000 1512437399
1512438300 1512442799
1512509400 1512511199
1512512100 1512529199
1512594900 1512595799
1512597600 1512606599
1512608400 1512610199
1512611100 1512611999
1512615600 1512616499
1512681300 1512682199
1512684900 1512702899
1512765900 1512767699
1512768600 1512791099
1512836100 1512837899
1512838800 1512878399
1512925200 1512929699
1512930600 1512961199
1512962100 1512962999
1513027800 1513034099
1513035000 1513048499
1513113300 1513115099
1513116900 1513133999
1513199700 1513200599
1513202400 1513204199
1513205100 1513213199
1513214100 1513219499
1513221300 1513222199
1513283400 1513295099
1513296000 1513298699
1513301400 1513302299
1513304100 1513307699
1513368900 1513370699
1513371600 1513374299
1513377000 1513378799
1513379700 1513380599
1513381500 1513394999
1513440000 1513448999
1513449900 1513481399
1513527300 1513533599
1513534500 1513536299
1513537200 1513539899
1513540800 1513542599
1513543500 1513557899
1513559700 1513564199
1513565100 1513567799
1513639800 1513643399
1513645200 1513646999
1513647900 1513652399
1513722600 1513724399
1513725300 1513729799
1513730700 1513733399
1513734300 1513737899
1513810800 1513811699
1513813500 1513816199
1513817100 1513820699
1513821600 1513823399
1513824300 1513825199
